# KF_ID Detection_Time(ms)
2 0.260718
3 0.288996
5 0.303781
8 0.30748
11 0.273695
14 0.302749
17 0.270436
20 0.277826
23 0.290916
26 1.31338
29 1.5502
32 1.78117
35 1.86733
37 2.0883
39 2.40078
41 1.86174
43 2.35898
46 2.32413
49 2.0714
52 2.04886
56 1.73676
59 1.91444
62 1.73292
66 1.90061
69 1.836
71 2.37647
73 2.30685
75 2.20551
77 2.54982
79 2.36788
80 2.58676
82 2.54139
85 2.31715
89 2.61156
93 2.24246
98 2.55797
103 2.84401
109 2.49814
116 1.98279
121 2.10964
126 1.33262
130 0.867574
134 2.28359
137 2.61771
139 1.99536
141 1.41219
144 2.37755
148 9.63388
151 3.04558
154 2.82763
157 2.76571
160 2.55337
163 3.62177
166 2.69702
170 3.57374
173 2.95416
176 3.08532
180 3.86243
182 3.06489
184 3.10304
187 3.49875
192 3.08783
197 3.32274
202 3.91068
206 2.51874
210 1.82713
215 1.42927
222 1.46403
227 3.00998
232 1.93781
236 1.47795
240 2.12504
243 3.63027
246 2.07098
249 2.65681
252 2.81002
256 2.77654
260 2.47399
265 2.50994
269 2.83725
274 4.37863
277 3.18525
280 4.52536
282 4.91952
284 2.89176
288 3.9229
293 3.29541
298 3.14916
302 3.05837
306 2.94137
310 2.44981
314 3.79052
319 3.12003
323 3.15391
327 3.56671
332 5.14138
337 2.79456
341 4.4124
344 2.57575
347 2.08927
351 2.78181
355 2.96773
361 4.50058
367 2.6115
373 3.63753
378 3.04038
384 3.76402
390 3.66202
393 4.18023
395 2.5912
397 3.36018
401 3.48887
406 3.44624
412 2.73206
418 3.55991
424 2.81465
431 4.02081
435 2.81685
439 2.95555
445 2.73664
449 3.56207
453 3.11949
457 2.08364
461 1.99086
465 4.16435
469 2.59982
473 3.70107
476 3.92379
478 3.75584
480 3.45158
482 2.54447
483 2.93015
484 5.02572
487 5.05875
491 5.05316
494 3.84541
497 6.08426
500 4.43415
502 4.69569
505 4.78514
509 4.72033
511 4.23715
512 6.23573
513 3.23462
514 4.34152
515 7.88048
516 4.17389
517 6.03789
518 5.58679
521 6.40497
529 6.21232
564 5.76137
575 4.94001
582 5.44586
587 4.67154
591 2.67918
594 4.48156
597 4.41868
601 3.87434
604 2.57219
607 2.4055
608 3.07416
610 2.51989
613 4.04337
617 3.60917
621 3.37803
624 4.70058
627 6.35896
630 3.59459
633 5.87009
636 5.34423
638 4.01961
640 4.67631
642 4.97054
645 4.65215
648 4.74362
651 6.1388
654 3.95921
656 3.26654
658 5.59701
660 6.41316
663 4.63624
665 2.91809
668 4.61217
671 6.24658
673 6.62855
675 5.91171
677 5.51286
680 4.89664
682 6.21154
684 4.81831
686 8.87193
688 4.65111
690 5.14151
692 6.62714
695 4.47124
698 7.1496
701 5.06611
704 6.07029
706 5.75101
708 4.90081
710 5.14778
711 7.98533
712 4.11721
714 6.64237
715 5.41429
716 5.05443
717 7.10627
719 5.03787
724 7.55726
729 4.62353
734 5.86976
739 5.5294
745 3.60507
749 4.52155
753 4.45314
758 6.29913
763 2.55752
766 3.67008
768 5.73645
770 3.4271
772 5.50943
775 3.70361
778 4.21405
781 5.40357
785 5.23469
788 3.50605
790 5.25237
792 4.63298
795 5.49313
797 7.9972
799 5.01002
802 3.75298
805 5.46351
808 4.26241
812 4.21813
815 4.59387
818 7.45066
821 7.05098
824 4.96216
827 7.23391
830 5.11348
832 7.04976
835 5.00639
839 5.84879
843 7.15912
847 5.84118
851 5.01913
855 4.98407
859 7.59505
861 6.80577
863 4.8615
865 6.92366
867 5.43884
868 6.83571
870 5.43588
873 7.49783
877 5.06192
881 7.41526
885 6.70161
889 2.75665
893 5.94714
896 5.27925
898 5.54272
900 5.54027
902 4.24445
904 4.85858
906 3.36959
908 7.249
910 4.35036
912 5.18193
915 3.94235
918 4.64208
922 5.56085
925 7.50233
928 5.32632
931 4.0392
934 4.38172
938 6.48928
943 6.69964
950 3.6282
955 4.58316
960 5.83453
963 3.21959
966 3.51735
970 6.57778
973 2.63439
977 5.38005
981 5.60783
984 6.47061
986 3.69871
987 2.69426
988 5.80562
989 4.61251
990 8.11333
991 5.41282
993 7.82773
996 4.93748
998 5.69904
1001 4.23553
1003 6.69339
1005 7.51123
1008 4.5946
1012 6.64729
1016 8.0229
1019 8.48124
1021 5.97375
1023 6.34572
1025 6.27861
1027 6.82396
1029 5.59028
1033 4.87237
1036 4.28921
1039 6.61318
1041 12.6634
1043 3.87014
1046 4.32676
1049 4.7168
1051 4.02411
1053 4.92662
1054 3.32339
1056 5.65885
1057 5.35379
1058 3.02014
1059 4.82791
1060 4.69259
1061 4.38096
1062 6.70862
1063 3.93016
1064 5.33579
1066 5.61165
1068 3.84341
1070 7.7851
1071 6.22444
1073 7.16835
1075 9.6176
1077 6.44071
1079 9.25853
1081 6.89043
1083 5.44277
1085 4.69382
1088 4.22784
1090 4.32726
1091 8.31468
1093 12.7473
1095 9.46276
1097 4.76826
1099 5.98865
1102 6.3884
1105 7.41163
1108 7.11398
1113 3.26179
1120 5.54653
1126 9.39374
1132 7.67352
1137 6.47251
1140 3.35688
1143 6.43838
1147 2.94643
1151 6.06399
1155 5.91553
1160 3.2719
1163 4.15104
1166 19.2047
1169 6.71042
1173 7.40879
1176 3.23268
1179 7.72361
1182 5.87116
1186 4.76877
1189 5.93489
1191 5.89558
1193 6.90845
1195 5.13321
1196 5.8646
1199 3.97247
1203 4.05523
1208 6.74226
1214 3.59778
1220 6.01371
1227 4.69051
1232 4.63653
1236 6.73153
1239 8.15375
1241 4.90419
1244 2.80878
1248 8.29401
1253 9.14779
1259 4.1899
1266 5.22823
1271 4.9791
1275 4.85925
1280 5.53756
1284 4.14753
1288 6.9275
1292 5.96838
1297 3.00263
1301 6.87286
1306 4.14792
1309 5.80979
1313 8.38248
1317 6.92763
1321 5.08
1323 6.97735
1325 5.08714
1328 5.315
1332 10.1506
1335 6.01188
1338 7.38927
1340 5.48457
1345 4.41892
1350 7.80284
1355 6.80657
1358 6.77315
1361 6.78792
1363 6.14632
1367 7.64638
1373 7.00321
1381 11.4485
1392 7.01206
1404 4.4178
1409 3.59618
1412 5.10018
1415 4.95901
1419 9.3373
1422 9.9611
1425 6.32828
1429 4.15058
1432 3.31606
1435 7.22246
1438 3.49847
1441 3.39072
1444 10.2538
1447 14.2577
1449 5.50235
1451 10.3016
1454 6.62735
1457 4.91376
1460 8.62941
1462 5.08858
1464 6.13418
1467 6.18823
1470 4.60003
1473 6.47337
1475 8.26317
1477 4.47941
1480 3.47664
1483 9.89067
1486 9.45712
1488 6.86287
1491 6.44584
1493 7.36607
1496 3.7185
1498 4.97883
1500 5.34457
1502 7.52671
1504 7.99422
1507 6.1015
1510 8.2781
1513 4.05947
1516 4.90267
1519 7.83203
1522 13.3371
1525 11.594
1528 5.67831
1530 9.41046
1532 5.3601
1534 6.48227
1536 6.38794
1538 5.37702
1541 11.8241
1545 8.2063
1549 4.13714
1553 7.26281
1557 9.91028
1562 3.92018
1567 5.50835
1571 3.79148
1575 2.56503
1588 0.362447
1611 0.43197
1614 0.334244
1625 0.355923
1633 0.301165
1636 0.340624
1639 0.835856
1641 0.363785
1644 0.38786
1647 5.27215
1651 6.32932
1654 9.5124
1656 7.29847
1658 6.48068
1660 6.27171
1663 8.38337
1666 4.75799
1668 7.18608
1670 19.567
1673 4.8023
1677 7.78487
1681 10.0187
1684 9.794
1686 8.72037
1688 6.31498
1690 3.84899
1692 8.09415
1694 6.62617
1696 5.88152
1698 10.4118
1701 10.0043
1705 7.61084
1710 8.99759
1715 7.69513
1719 7.38537
1722 7.23231
1725 10.7434
1728 5.32981
1731 12.0707
1733 6.08216
1735 5.59005
1739 7.31752
1744 8.19924
1747 7.67397
1750 7.44718
1752 5.23537
1755 8.49218
1758 6.62289
1761 5.69886
1764 5.9193
1766 8.74177
1769 6.70656
1773 5.63249
1777 3.41029
1782 7.86154
1788 7.03605
1795 7.75495
1799 6.84495
1803 6.22125
1806 3.88699
1812 6.40046
1817 6.4454
1819 3.56
1821 4.76208
1823 5.49208
1825 8.09622
1827 12.8123
1829 5.58431
1831 9.7568
1833 6.61841
1835 7.05097
1837 5.17146
1841 7.0188
1845 8.84947
1848 9.2519
1850 14.7822
1852 5.10994
1855 5.07483
1858 10.7837
1862 13.2193
1866 8.48312
1869 8.54523
1872 7.40135
1875 7.54237
1879 5.11065
1883 5.733
1885 7.49213
1887 4.49761
1888 7.20229
1891 3.62905
1894 6.97403
1898 4.09291
1902 8.87095
1905 6.91657
1907 6.11923
1910 6.30343
1913 5.3981
1916 5.19846
1918 6.16643
1920 5.08792
1923 5.29214
1928 7.45489
1937 7.85401
1945 11.2483
1952 5.53758
1958 4.64822
1961 6.12619
1966 4.3036
1970 11.4246
1974 5.7943
1977 4.58948
1980 5.0215
1983 3.72051
1986 5.59786
1988 5.86875
1991 7.1112
1994 13.2247
1997 11.052
2002 5.99432
2005 5.68654
2008 8.2374
2010 5.63085
2012 9.07287
2014 9.87144
2016 9.2855
2020 7.11151
2023 8.03334
2026 8.92758
2029 4.63225
2031 6.83497
2033 9.46785
2035 7.60661
2037 5.48455
2040 7.25603
2043 7.13077
2046 7.21664
2048 10.0369
2051 8.60574
2054 12.8462
2057 8.82574
2060 8.87565
2064 6.46927
2068 8.85975
2071 9.95476
2074 7.99245
2077 4.96578
2079 8.04791
2081 7.06856
2083 11.3391
2086 9.98578
2089 9.06764
2092 7.98586
2094 8.40804
2097 10.0025
2101 10.0208
2106 5.0081
2111 7.01997
2116 9.34081
2121 5.41944
2125 5.14894
2130 3.66428
2134 4.28733
2137 7.38057
2140 4.39722
2143 9.7199
2147 4.35015
2151 8.42604
2155 8.75102
2158 12.1786
2162 6.71015
2166 7.17579
2169 6.00163
2173 8.70716
2176 9.60915
2179 8.96256
2182 5.36374
2185 7.9023
2187 10.461
2189 12.1666
2191 7.3093
2193 5.64846
2196 8.15001
2199 12.3002
2202 6.24731
2205 6.46846
2209 8.76417
2212 10.4598
2215 11.0323
2217 5.77026
2219 7.53709
2220 8.10142
2221 6.27334
2222 12.7244
2223 8.51194
2224 6.45181
2225 10.2354
2226 7.36794
2227 11.3564
2228 6.81205
2229 11.7566
2230 9.12829
2232 12.9218
2239 7.72743
2248 7.86427
2258 10.6794
2264 6.55712
2269 9.95438
2274 8.48985
2277 9.62308
2280 11.3127
2282 11.0343
2284 11.404
2286 11.5446
2288 10.5437
2290 8.18907
2293 8.02243
2296 10.4002
2298 13.6326
2301 8.51826
2304 7.96444
2306 10.2341
2309 8.47183
2312 7.76991
2314 7.86821
2316 5.10189
2318 8.2698
2321 8.13135
2325 7.52436
2329 6.78617
2332 5.7628
2335 10.4032
2338 7.21817
2341 4.857
2345 7.686
2348 5.67507
2351 7.83861
2354 8.95786
2357 12.3794
2360 4.31324
2362 20.6397
2365 5.29437
2368 7.66125
2371 5.63475
2374 6.50752
2376 14.7165
2378 19.0672
2380 14.2738
2382 7.27098
2384 8.29861
2386 5.84488
2388 10.3489
2390 8.78747
2391 8.74768
2392 6.00126
2393 7.72164
2395 6.51814
2398 9.70829
2400 7.20906
2402 9.46615
2405 5.46406
2407 6.88195
2409 5.97054
2411 5.6537
2413 6.53257
2416 5.1198
2422 5.14849
2430 4.94793
2435 5.50603
2440 4.16976
2445 3.10578
2461 0.345195
2466 0.345563
2471 0.326119
2475 0.587883
2478 0.37914
2480 0.348669
2482 0.380352
2483 0.341638
2485 0.341977
2487 7.28108
2490 8.52646
2493 8.27954
2496 7.22919
2499 7.49048
2503 8.81707
2506 8.95241
2508 10.2141
2511 8.40641
2514 7.11909
2518 9.41009
2521 4.87021
2524 7.25768
2527 6.71822
2530 7.8972
2533 12.8068
2536 7.91993
2540 6.40156
2544 4.89376
2548 10.0322
2551 8.20152
2553 13.1107
2556 12.2665
2558 10.4435
2561 10.0846
2565 8.26428
2569 9.77416
2572 10.5742
2575 9.34707
2579 5.41624
2583 6.59719
2585 8.74469
2587 13.7506
2588 8.1825
2589 8.73585
2590 15.0514
2591 8.14705
2594 9.18593
2599 11.1525
2604 8.15092
2609 8.9788
2613 12.0859
2618 11.0004
2623 10.9056
2627 7.68935
2630 6.7773
2634 18.9047
2637 10.3687
2640 8.51666
2643 8.61502
2646 7.86088
2649 9.22509
2652 6.97932
2656 7.79131
2660 8.63284
2663 9.45907
2666 7.04436
2670 5.22882
2675 5.60774
2680 5.55057
2686 10.5744
2691 6.74241
2696 7.26472
2702 11.6457
2706 4.60245
2711 13.2801
2715 8.20286
2719 7.04805
2723 5.72345
2727 10.6224
2731 9.00095
2735 7.84014
2738 9.94086
2740 6.36645
2742 16.6847
2744 10.0979
2747 14.9485
2750 11.8224
2753 6.88748
2756 15.5201
2758 9.49607
2760 8.00535
2762 5.78277
2765 15.9927
2769 12.4718
2773 6.25586
2777 7.48536
2781 8.72472
2784 9.24711
2787 9.0453
2789 10.9917
2792 5.20985
2795 6.84293
2799 13.5299
2802 8.54196
2806 6.37618
2808 8.71621
2811 7.84
2814 5.72841
2819 10.725
2824 6.16845
2828 7.14196
2831 6.3336
2834 8.56296
2837 9.19509
2840 12.8251
2843 11.835
2848 15.6124
2855 6.00108
2862 5.61832
2869 5.51602
2874 6.84178
2878 7.1562
2882 4.08307
2885 11.2413
2888 5.06846
2892 5.38079
2896 7.24017
2900 8.4015
2904 7.65615
2908 11.8053
2911 7.72442
2914 9.04068
2917 9.27718
2921 9.17667
2924 7.52521
2927 10.3712
2929 5.88547
2932 7.73681
2935 6.26762
2939 5.50059
2943 18.5637
2947 7.46549
2951 6.98807
2955 13.0701
2958 14.9624
2961 8.70594
2963 9.70064
2965 10.6104
2969 7.94881
2974 9.90813
2978 12.2084
2982 6.45232
2986 6.29849
2990 8.26268
2993 6.89928
2997 5.40301
3001 14.2492
3005 8.50015
3009 6.69039
3013 8.49358
3016 13.7619
3020 7.46557
3022 6.43901
3025 5.21775
3029 6.11614
3032 6.70499
3035 9.78796
3038 8.22643
3041 16.1551
3045 6.85738
3048 9.30466
3050 6.33909
3052 6.43881
3055 6.99907
3058 5.52057
3061 6.00178
3065 6.28944
3068 9.43259
3070 6.31944
3072 5.85602
3074 7.37653
3075 9.84421
3077 7.89792
3081 6.3544
3084 7.06216
3088 5.42014
3093 8.74493
3100 15.8198
3108 7.80822
3114 3.52485
3119 5.98389
3123 9.58729
3127 7.11157
3131 4.64099
3135 6.29912
3140 5.01241
3144 8.07388
3148 15.5303
3152 11.0722
3155 7.99535
3157 8.93427
3160 5.41446
3163 16.2967
3166 11.4805
3169 7.99311
3172 11.8083
3174 8.22327
3177 11.7647
3180 6.74744
3183 7.46498
3186 10.582
3189 7.38407
3192 7.22012
3195 7.08585
3198 10.0299
3201 7.61932
3203 10.6664
3205 10.7924
3208 11.2022
3211 6.06973
3214 7.71397
3217 15.9461
3219 7.93631
3221 12.5723
3223 14.0592
3225 6.72523
3227 7.94284
3230 5.85776
3234 9.36731
3237 9.86854
3239 8.64175
3241 8.9559
3244 8.37335
3248 9.83475
3251 13.199
3254 4.91237
3258 6.19635
3264 6.7283
3272 7.03261
3280 10.7764
3286 8.32164
3290 4.3629
3293 15.7033
3296 3.83682
3299 4.10316
3317 0.443679
3319 0.787494
3321 0.40639
3324 0.380898
3327 0.422745
3329 0.405983
3331 0.347084
3333 0.4182
3335 0.369785
3337 15.8546
3341 11.1412
3347 10.6329
3351 10.1808
3354 13.3855
3399 15.3738
3402 13.5305
3405 11.5499
3445 14.5981
3462 10.0152
3475 11.6007
3479 17.783
3481 9.76836
3491 15.2016
3496 15.8859
3500 9.12017
3503 14.0328
3504 12.848
3505 10.7304
3506 12.1739
3508 11.7132
3509 11.5052
3553 12.6462
3558 12.6405
3563 10.6098
3565 12.0408
3566 10.2905
3569 9.30157
3581 12.8181
3586 10.7353
3597 19.4569
3602 10.3391
3606 12.5611
3612 12.8662
3617 16.4911
3620 14.2159
3623 11.731
3625 15.0476
3627 15.6593
3629 12.0626
3631 12.0774
3633 15.0873
3635 16.0418
3638 14.2439
3642 12.6114
3646 12.8409
3649 11.364
3652 12.0403
3654 10.4008
3656 13.3368
3658 20.6346
3668 11.5137
3678 20.1773
3691 9.46784
3701 7.64067
3706 13.7396
3708 8.76186
3710 7.79172
3714 20.935
3718 11.5131
3723 11.4925
3726 15.6836
3729 11.2279
3732 21.9497
3735 9.86658
3739 11.1424
3742 9.91402
3745 10.4738
3748 19.656
3752 13.3903
3755 14.7244
3757 16.7105
3759 15.1174
3761 10.8611
3777 13.776
3780 9.64459
3782 10.1681
3784 12.7471
3786 13.7106
3787 12.1936
3789 14.8379
3795 10.8962
3799 11.7147
3803 12.1369
3807 14.9715
3811 9.18104
3814 15.423
3816 10.9112
3819 15.7591
3821 15.2522
3822 10.3468
3827 15.9339
3833 11.2829
3836 14.0342
3839 8.30085
3843 14.5413
3847 9.24132
3849 10.9255
3851 11.1092
3852 12.6668
3853 15.9119
3855 8.3915
3859 13.5014
3862 11.4951
3865 7.7863
3867 9.41723
3870 8.94308
3873 12.5136
3876 9.65172
3879 7.70701
3881 12.4318
3883 9.00533
3885 7.9561
3887 9.36625
3889 9.79243
3891 15.8862
3894 8.4501
3899 11.6
3905 10.7272
3908 9.3847
3911 8.27134
3916 9.28893
3919 10.6426
3922 8.88392
3924 11.1262
3925 12.7826
3926 9.45039
3927 9.57666
3928 10.0057
3932 7.44321
3938 7.98464
3946 13.9581
3954 15.7003
3960 6.11986
3966 9.01301
3971 9.34985
3975 12.8919
3978 10.3666
3980 5.48616
3982 7.94603
3985 9.39238
3988 8.89241
3992 7.39884
3995 13.414
3998 15.4038
4001 16.4488
4003 7.73076
4006 7.46938
4008 15.9818
4010 11.5784
4012 9.83847
4015 7.86245
4017 11.014
4019 7.49133
4021 7.58407
4023 12.2539
4025 9.2829
4027 14.5543
4029 9.30756
4031 13.8399
4033 15.0738
4035 11.0632
4037 6.35083
4039 7.1116
4042 6.60106
4045 10.1851
4047 6.80566
4049 5.09587
4051 9.42516
4053 16.736
4054 17.0543
4056 15.9903
4058 13.3345
4060 14.3534
4063 7.7356
4065 14.5284
4067 8.60635
4069 9.61133
4070 9.16887
4072 9.82386
4073 7.67986
4075 13.0498
4076 8.22536
4078 12.4941
4080 13.4146
4083 10.3143
4085 18.7384
4087 14.2293
4089 16.5257
4091 8.28813
4092 10.6113
4094 7.80078
4096 10.358
4098 12.0634
4100 6.79789
4102 14.3961
4104 15.7831
4106 11.7655
4108 11.7018
4110 7.069
4112 6.28795
4114 8.79715
4116 9.4235
4118 12.1102
4119 12.7966
4121 10.0219
4122 9.22771
4123 9.67272
4125 10.4232
4127 8.55287
4129 7.09502
4131 9.22502
4133 7.62022
4135 15.2429
4137 14.0302
4139 18.2609
4141 7.95484
4143 11.951
4145 11.1366
4147 8.70602
4149 8.21607
4151 15.1231
4152 6.00988
4153 9.48878
4155 7.15134
4156 10.2024
4157 6.77891
4158 15.3871
4159 14.2438
4161 14.3924
4163 8.59186
4165 15.331
4168 12.4523
4170 5.94217
4172 12.768
4174 8.54036
4176 17.086
4178 13.7785
4180 12.4963
4182 16.7563
4184 8.75339
4186 15.8468
4188 17.8897
4190 13.9453
4192 9.09817
4194 12.934
4196 8.47951
4197 8.03786
4198 10.016
4200 8.74558
4201 6.51986
4203 10.2904
4205 14.0828
4208 8.3018
4210 14.121
4212 12.9903
4214 11.2111
4216 8.00549
4218 12.0405
4220 8.46851
4221 8.50619
4223 9.58608
4226 15.0092
4228 10.7573
4230 11.0816
4233 20.6586
4235 12.1261
4238 9.74343
4240 10.17
4242 10.0187
4244 7.28158
4246 10.0413
4248 9.71973
4250 9.99226
4252 9.68714
4254 12.2624
4256 7.41409
4258 6.75508
4260 16.8656
4262 15.1791
4264 17.8813
4265 20.3933
4267 10.1076
4269 15.5564
4271 10.8607
4272 10.3971
4273 13.4603
4275 14.512
4277 23.1355
4279 14.3239
4281 15.761
4283 16.7343
4285 17.819
4287 6.87529
4289 9.07358
4291 12.7463
4293 25.1168
4295 15.1619
4297 10.3483
4300 13.1456
4302 19.9954
4304 14.0057
4306 8.75294
4308 12.6627
4310 10.7521
4312 13.9677
4314 14.2818
4316 7.65677
4319 10.6778
4322 14.3544
4324 10.5886
4326 13.3221
4328 12.0082
4330 10.9526
4332 8.30569
4334 19.6404
4336 15.8095
4339 10.1993
4342 10.2182
4344 12.6571
4347 6.06791
4350 8.13731
4352 10.4474
4354 6.95411
4357 9.70674
4360 8.927
4363 9.58051
4367 7.35865
4370 8.53782
4373 17.975
4376 10.4559
4378 11.8029
4380 8.47734
4382 10.6524
4385 15.5878
4388 10.9582
4390 14.1952
4393 13.9711
4396 17.327
4399 18.6641
4402 9.54945
4406 9.42227
4411 7.02485
4418 12.7964
4428 9.52788
4435 12.9304
4441 7.9337
4446 6.66342
4450 5.22791
4453 6.64854
4455 5.2237
4458 5.67439
4490 0.381532
4495 0.388681
4502 0.534453
4511 0.358045
4514 0.379816
4517 0.417483
4519 0.341082
4521 0.367249
4529 0.401281
4532 12.3271
4535 8.41705
4537 9.16091
